28 20 1
00000000111100000000
00000001111100000000
00000011111100000000
00000111111100000000
00001111111100000000
00011111111100000000
00111111111100000000
01111111111100000000
11111110111100000000
11111100111100000000
11111000111100000000
11110000111100000000
11100000111100000000
11000000111100000000
10000000111100000000
00000000111100000000
00000000111100000000
00000000111100000000
00000000111100000000
00000000111100000000
00000000111100000000
00000000111100000000
00000000111100000000
00000000111100000000
11111111111111111111
11111111111111111111
11111111111111111111
11111111111111111111

