28 20 1
00000000000011110000
00000000000111110000
00000000001111110000
00000000011111110000
00000000111111110000
00000001111111110000
00000011111111110000
00000111111111110000
00001111111011110000
00011111110011110000
00111111100011110000
01111111000011110000
11111110000011110000
11111100000011110000
11111000000011110000
11110000000011110000
11111111111111111111
11111111111111111111
11111111111111111111
11111111111111111111
00000000000011110000
00000000000011110000
00000000000011110000
00000000000011110000
00000000000011110000
00000000000011110000
00000000000011110000
00000000000011110000

