28 20 1
00001111111111110000
00011111111111111000
00111111111111111100
01111111111111111100
11111110000001111100
11111100000000111100
11111000000000111100
11110000000001111100
11100000000011111100
11000000000111111100
10000000001111111000
00000000011111110000
00000000111111100000
00000001111111000000
00000011111110000000
00000111111100000000
00001111111000000000
00011111110000000000
00111111100000000000
01111111000000000000
11111110000000000000
11111100000000000000
11111000000000000000
11110000000000000000
11111111111111111111
11111111111111111111
11111111111111111111
11111111111111111111

