28 20 1
11111111111111111111
11111111111111111111
11111111111111111111
11111111111111111111
11110000000000000000
11110000000000000000
11110000000000000000
11110000000000000000
11111111111111110000
11111111111111111000
11111111111111111100
11111111111111111110
00000000000001111111
00000000000000111111
00000000000000011111
00000000000000001111
00000000000000001111
00000000000000001111
00000000000000001111
00000000000000001111
11110000000000001111
11111000000000011111
11111100000000111111
11111110000001111111
01111111111111111110
00111111111111111100
00011111111111111000
00001111111111110000

